4.384374916553497314e-01
5.532812476158142090e-01
5.748437643051147461e-01
5.935937762260437012e-01
6.098437309265136719e-01
6.139062643051147461e-01
6.164062619209289551e-01
6.324999928474426270e-01
6.293749809265136719e-01
6.318749785423278809e-01
6.404687762260437012e-01
6.379687786102294922e-01
6.575000286102294922e-01
6.642187237739562988e-01
6.464062333106994629e-01
6.565625071525573730e-01
6.589062213897705078e-01
6.682812571525573730e-01
6.615625023841857910e-01
6.607812643051147461e-01
6.654687523841857910e-01
6.645312309265136719e-01
6.693750023841857910e-01
6.545312404632568359e-01
6.781250238418579102e-01
6.712499856948852539e-01
6.639062762260437012e-01
6.700000166893005371e-01
6.762499809265136719e-01
6.728125214576721191e-01
6.779687404632568359e-01
6.773437261581420898e-01
6.768749952316284180e-01
6.756250262260437012e-01
6.820312738418579102e-01
6.879687309265136719e-01
6.779687404632568359e-01
6.839062571525573730e-01
6.953125000000000000e-01
6.896874904632568359e-01
6.956250071525573730e-01
6.850000023841857910e-01
6.745312213897705078e-01
6.971874833106994629e-01
6.960937380790710449e-01
6.859375238418579102e-01
6.850000023841857910e-01
6.948437690734863281e-01
6.879687309265136719e-01
6.931250095367431641e-01
7.001562714576721191e-01
6.924999952316284180e-01
6.971874833106994629e-01
6.912500262260437012e-01
6.971874833106994629e-01
6.984375119209289551e-01
6.960937380790710449e-01
6.976562738418579102e-01
6.835937500000000000e-01
6.993749737739562988e-01
7.029687762260437012e-01
7.028124928474426270e-01
7.028124928474426270e-01
7.014062404632568359e-01
6.910937428474426270e-01
6.890624761581420898e-01
6.960937380790710449e-01
6.917187571525573730e-01
7.070312500000000000e-01
7.049999833106994629e-01
6.954687237739562988e-01
7.074999809265136719e-01
7.037500143051147461e-01
6.964062452316284180e-01
6.970312595367431641e-01
7.053124904632568359e-01
6.921874880790710449e-01
7.076562643051147461e-01
6.965625286102294922e-01
7.121875286102294922e-01
6.987500190734863281e-01
7.107812762260437012e-01
6.951562762260437012e-01
7.020312547683715820e-01
7.018749713897705078e-01
7.039062380790710449e-01
7.070312500000000000e-01
7.054687738418579102e-01
7.124999761581420898e-01
7.026562690734863281e-01
7.099999785423278809e-01
7.093750238418579102e-01
7.076562643051147461e-01
7.185937762260437012e-01
7.031250000000000000e-01
7.098437547683715820e-01
6.981250047683715820e-01
7.084375023841857910e-01
7.099999785423278809e-01
7.006250023841857910e-01
