4.426562488079071045e-01
5.414062738418579102e-01
5.815625190734863281e-01
5.917187333106994629e-01
5.981249809265136719e-01
6.207812428474426270e-01
6.315624713897705078e-01
6.431249976158142090e-01
6.365625262260437012e-01
6.545312404632568359e-01
6.540625095367431641e-01
6.568750143051147461e-01
6.698437333106994629e-01
6.643750071525573730e-01
6.715624928474426270e-01
6.731250286102294922e-01
6.823437213897705078e-01
6.860937476158142090e-01
6.800000071525573730e-01
6.750000119209289551e-01
6.806250214576721191e-01
6.890624761581420898e-01
6.940624713897705078e-01
6.892187595367431641e-01
6.964062452316284180e-01
7.020312547683715820e-01
7.095312476158142090e-01
6.989062428474426270e-01
7.028124928474426270e-01
7.031250000000000000e-01
7.029687762260437012e-01
7.037500143051147461e-01
6.990625262260437012e-01
7.131249904632568359e-01
7.004687786102294922e-01
7.032812237739562988e-01
7.035937309265136719e-01
7.028124928474426270e-01
7.128124833106994629e-01
7.057812213897705078e-01
7.112500071525573730e-01
7.206249833106994629e-01
7.134374976158142090e-01
7.137500047683715820e-01
7.171875238418579102e-01
7.167187333106994629e-01
7.139062285423278809e-01
7.057812213897705078e-01
7.185937762260437012e-01
7.174999713897705078e-01
7.265625000000000000e-01
7.268750071525573730e-01
7.145312428474426270e-01
7.226562500000000000e-01
7.317187786102294922e-01
7.259374856948852539e-01
7.198437452316284180e-01
7.292187213897705078e-01
7.285937666893005371e-01
7.265625000000000000e-01
7.315624952316284180e-01
7.287499904632568359e-01
7.282812595367431641e-01
7.329687476158142090e-01
7.262499928474426270e-01
7.335937619209289551e-01
7.404687404632568359e-01
7.375000119209289551e-01
7.323437333106994629e-01
7.373437285423278809e-01
7.371875047683715820e-01
7.375000119209289551e-01
7.381250262260437012e-01
7.267187237739562988e-01
7.303125262260437012e-01
7.329687476158142090e-01
7.353125214576721191e-01
7.389062643051147461e-01
7.393749952316284180e-01
7.318750023841857910e-01
7.301562428474426270e-01
7.318750023841857910e-01
7.300000190734863281e-01
7.326562404632568359e-01
7.401562333106994629e-01
7.385937571525573730e-01
7.359374761581420898e-01
7.429687380790710449e-01
7.384374737739562988e-01
7.293750047683715820e-01
7.357812523841857910e-01
7.385937571525573730e-01
7.426562309265136719e-01
7.429687380790710449e-01
7.468749880790710449e-01
7.398437261581420898e-01
7.384374737739562988e-01
7.432812452316284180e-01
7.418749928474426270e-01
7.332812547683715820e-01
