2.057812511920928955e-01
2.840625047683715820e-01
3.153125047683715820e-01
3.367187380790710449e-01
3.387500047683715820e-01
3.495312631130218506e-01
3.532812595367431641e-01
3.567187488079071045e-01
3.600000143051147461e-01
3.507812619209289551e-01
3.601562380790710449e-01
3.650000095367431641e-01
3.653124868869781494e-01
3.614062368869781494e-01
3.645312488079071045e-01
3.693749904632568359e-01
3.695312440395355225e-01
3.689062595367431641e-01
3.817187547683715820e-01
3.715625107288360596e-01
3.831250071525573730e-01
3.770312368869781494e-01
3.776562511920928955e-01
3.787499964237213135e-01
3.782812356948852539e-01
3.899999856948852539e-01
3.942187428474426270e-01
3.784374892711639404e-01
3.928124904632568359e-01
3.923437595367431641e-01
3.868750035762786865e-01
3.956249952316284180e-01
3.954687416553497314e-01
3.826562464237213135e-01
3.778125047683715820e-01
3.912500143051147461e-01
3.798437416553497314e-01
3.885937631130218506e-01
3.934375047683715820e-01
3.903124928474426270e-01
4.012500047683715820e-01
4.093750119209289551e-01
3.848437368869781494e-01
4.048437476158142090e-01
3.960937559604644775e-01
4.067187607288360596e-01
4.098437428474426270e-01
4.023437500000000000e-01
3.989062607288360596e-01
4.109374880790710449e-01
3.934375047683715820e-01
3.998437523841857910e-01
4.042187631130218506e-01
4.067187607288360596e-01
3.965624868869781494e-01
4.039062559604644775e-01
4.110937416553497314e-01
4.090625047683715820e-01
4.085937440395355225e-01
4.050000011920928955e-01
4.098437428474426270e-01
4.137499928474426270e-01
4.126562476158142090e-01
4.121874868869781494e-01
4.143750071525573730e-01
4.121874868869781494e-01
4.131250083446502686e-01
4.037500023841857910e-01
4.165624976158142090e-01
4.126562476158142090e-01
4.060937464237213135e-01
4.085937440395355225e-01
4.131250083446502686e-01
4.165624976158142090e-01
4.135937392711639404e-01
4.181250035762786865e-01
4.203124940395355225e-01
4.235937595367431641e-01
4.159375131130218506e-01
4.215624928474426270e-01
4.225000143051147461e-01
4.032812416553497314e-01
4.181250035762786865e-01
4.067187607288360596e-01
4.185937643051147461e-01
4.240624904632568359e-01
4.107812643051147461e-01
4.357812404632568359e-01
4.187499880790710449e-01
4.282812476158142090e-01
4.160937368869781494e-01
4.090625047683715820e-01
4.260937571525573730e-01
4.340625107288360596e-01
4.167187511920928955e-01
4.250000119209289551e-01
4.146875143051147461e-01
4.131250083446502686e-01
4.251562356948852539e-01
4.182812571525573730e-01
