1.656250059604644775e-01
2.840625047683715820e-01
3.659375011920928955e-01
4.009374976158142090e-01
4.289062619209289551e-01
4.251562356948852539e-01
4.575000107288360596e-01
4.626562595367431641e-01
4.789062440395355225e-01
4.764062464237213135e-01
4.837499856948852539e-01
4.876562356948852539e-01
4.923437535762786865e-01
5.092187523841857910e-01
4.943749904632568359e-01
4.985937476158142090e-01
4.992187619209289551e-01
5.057812333106994629e-01
5.120312571525573730e-01
5.154687762260437012e-01
5.239062309265136719e-01
5.187500119209289551e-01
5.226562619209289551e-01
5.320312380790710449e-01
5.299999713897705078e-01
5.285937786102294922e-01
5.296875238418579102e-01
5.304687619209289551e-01
5.403125286102294922e-01
5.376562476158142090e-01
5.406249761581420898e-01
5.440624952316284180e-01
5.487499833106994629e-01
5.475000143051147461e-01
5.420312285423278809e-01
5.415624976158142090e-01
5.496875047683715820e-01
5.582812428474426270e-01
5.470312237739562988e-01
5.520312786102294922e-01
5.428125262260437012e-01
5.640624761581420898e-01
5.534374713897705078e-01
5.484374761581420898e-01
5.517187714576721191e-01
5.740625262260437012e-01
5.517187714576721191e-01
5.607812404632568359e-01
5.631250143051147461e-01
5.539062619209289551e-01
5.484374761581420898e-01
5.648437738418579102e-01
5.699999928474426270e-01
5.607812404632568359e-01
5.739062428474426270e-01
5.698437690734863281e-01
5.556250214576721191e-01
5.646874904632568359e-01
5.759375095367431641e-01
5.637500286102294922e-01
5.718749761581420898e-01
5.665624737739562988e-01
5.670312643051147461e-01
5.748437643051147461e-01
5.712500214576721191e-01
5.718749761581420898e-01
5.923437476158142090e-01
5.704687237739562988e-01
5.746874809265136719e-01
5.767187476158142090e-01
5.614062547683715820e-01
5.607812404632568359e-01
5.720312595367431641e-01
5.692187547683715820e-01
5.828124880790710449e-01
5.814062356948852539e-01
5.824999809265136719e-01
5.778124928474426270e-01
5.718749761581420898e-01
5.756250023841857910e-01
5.814062356948852539e-01
5.815625190734863281e-01
5.851562619209289551e-01
5.754687786102294922e-01
5.829687714576721191e-01
5.907812714576721191e-01
5.770312547683715820e-01
5.853124856948852539e-01
5.820312500000000000e-01
5.768749713897705078e-01
5.820312500000000000e-01
5.903124809265136719e-01
5.728124976158142090e-01
5.929687619209289551e-01
5.798437595367431641e-01
5.732812285423278809e-01
5.773437619209289551e-01
5.871875286102294922e-01
5.917187333106994629e-01
5.967187285423278809e-01
