7.590533494949340820e-01
4.050144851207733154e-01
3.884299099445343018e-01
3.329936861991882324e-01
3.388672769069671631e-01
3.206584453582763672e-01
3.094815909862518311e-01
3.125762641429901123e-01
3.106066882610321045e-01
3.047759532928466797e-01
3.085642457008361816e-01
3.036771118640899658e-01
3.045538663864135742e-01
2.985736727714538574e-01
2.924424707889556885e-01
2.925271093845367432e-01
2.919958829879760742e-01
2.942143678665161133e-01
2.927799820899963379e-01
2.945864200592041016e-01
2.947326898574829102e-01
2.856782674789428711e-01
2.841496765613555908e-01
2.823904454708099365e-01
2.804862260818481445e-01
2.831137776374816895e-01
2.807547152042388916e-01
2.765068113803863525e-01
2.863137125968933105e-01
2.846884131431579590e-01
2.789399027824401855e-01
2.801691293716430664e-01
2.768481075763702393e-01
2.763076126575469971e-01
2.783560156822204590e-01
2.779833674430847168e-01
2.680564224720001221e-01
2.781699895858764648e-01
2.749564349651336670e-01
2.722731828689575195e-01
2.731484174728393555e-01
2.728451490402221680e-01
2.714824080467224121e-01
2.717501521110534668e-01
2.723844051361083984e-01
2.701152861118316650e-01
2.749135494232177734e-01
2.791754305362701416e-01
2.703797221183776855e-01
2.694604694843292236e-01
2.692981362342834473e-01
2.647048234939575195e-01
2.715972363948822021e-01
2.637080252170562744e-01
2.655946314334869385e-01
2.683517336845397949e-01
2.673679292201995850e-01
2.677699327468872070e-01
2.705403566360473633e-01
2.658270597457885742e-01
2.657690346240997314e-01
2.668469548225402832e-01
2.576768994331359863e-01
2.641952931880950928e-01
2.640102803707122803e-01
2.656951844692230225e-01
2.630247473716735840e-01
2.591717243194580078e-01
2.594038844108581543e-01
2.669719457626342773e-01
2.650274634361267090e-01
2.648449242115020752e-01
2.616029679775238037e-01
2.680578529834747314e-01
2.647811770439147949e-01
2.611685991287231445e-01
2.659469246864318848e-01
2.583406865596771240e-01
2.572017014026641846e-01
2.592388093471527100e-01
2.646277248859405518e-01
2.611163258552551270e-01
2.649481296539306641e-01
2.602646946907043457e-01
2.606304287910461426e-01
2.629817426204681396e-01
2.609623074531555176e-01
2.558990120887756348e-01
2.571267187595367432e-01
2.593001127243041992e-01
2.568612098693847656e-01
2.573251426219940186e-01
2.582671046257019043e-01
2.568147480487823486e-01
2.607296407222747803e-01
2.571035623550415039e-01
2.653202712535858154e-01
2.613682150840759277e-01
2.610817849636077881e-01
2.549546957015991211e-01
