6.992230415344238281e-01
3.598449230194091797e-01
3.463918268680572510e-01
3.301454484462738037e-01
3.315144479274749756e-01
3.124592900276184082e-01
3.055401742458343506e-01
3.038884699344635010e-01
3.077163398265838623e-01
2.997139692306518555e-01
2.863760888576507568e-01
2.879894077777862549e-01
2.870090305805206299e-01
2.866802513599395752e-01
2.780443429946899414e-01
2.816641926765441895e-01
2.732679843902587891e-01
2.740480303764343262e-01
2.681259810924530029e-01
2.727335095405578613e-01
2.697432935237884521e-01
2.632788419723510742e-01
2.647759020328521729e-01
2.645223140716552734e-01
2.613322138786315918e-01
2.597739994525909424e-01
2.607970535755157471e-01
2.600907385349273682e-01
2.627043724060058594e-01
2.560418248176574707e-01
2.565041482448577881e-01
2.574309408664703369e-01
2.528653740882873535e-01
2.518794536590576172e-01
2.524686157703399658e-01
2.500683963298797607e-01
2.513993680477142334e-01
2.508900165557861328e-01
2.478857636451721191e-01
2.474808245897293091e-01
2.519021034240722656e-01
2.513149380683898926e-01
2.528494894504547119e-01
2.515817880630493164e-01
2.449654936790466309e-01
2.485702335834503174e-01
2.487487941980361938e-01
2.515917420387268066e-01
2.504532933235168457e-01
2.470853626728057861e-01
2.431176900863647461e-01
2.429077029228210449e-01
2.456624060869216919e-01
2.504713237285614014e-01
2.474581599235534668e-01
2.394461482763290405e-01
2.456669211387634277e-01
2.445033788681030273e-01
2.456878423690795898e-01
2.409581691026687622e-01
2.442798465490341187e-01
2.415653020143508911e-01
2.395740449428558350e-01
2.370333522558212280e-01
2.404209077358245850e-01
2.406948804855346680e-01
2.474848777055740356e-01
2.387230098247528076e-01
2.417927682399749756e-01
2.402770817279815674e-01
2.354782223701477051e-01
2.419218868017196655e-01
2.401887178421020508e-01
2.374691814184188843e-01
2.403948903083801270e-01
2.381869554519653320e-01
2.364494353532791138e-01
2.388801127672195435e-01
2.391133755445480347e-01
2.378321290016174316e-01
2.407082766294479370e-01
2.333293855190277100e-01
2.386616319417953491e-01
2.357877492904663086e-01
2.341939359903335571e-01
2.351375222206115723e-01
2.342586368322372437e-01
2.344438731670379639e-01
2.333509773015975952e-01
2.328746020793914795e-01
2.343570739030838013e-01
2.313394546508789062e-01
2.299333214759826660e-01
2.382898777723312378e-01
2.339829206466674805e-01
2.339604049921035767e-01
2.305545806884765625e-01
2.308870106935501099e-01
2.294420599937438965e-01
2.348536103963851929e-01
