2.432831227779388428e-01
1.218105703592300415e-01
1.138084232807159424e-01
1.058518141508102417e-01
1.061305031180381775e-01
1.058221980929374695e-01
1.001009047031402588e-01
1.056511849164962769e-01
1.013068929314613342e-01
9.653912484645843506e-02
9.870988875627517700e-02
9.872580319643020630e-02
1.009196862578392029e-01
9.485170245170593262e-02
9.196280688047409058e-02
9.727444499731063843e-02
9.712893515825271606e-02
9.570314735174179077e-02
9.364786744117736816e-02
9.168058633804321289e-02
9.274554252624511719e-02
8.973377197980880737e-02
9.426566213369369507e-02
9.368946403264999390e-02
9.521228820085525513e-02
9.285025298595428467e-02
9.089886397123336792e-02
9.382037818431854248e-02
9.200698137283325195e-02
9.363398700952529907e-02
9.012396633625030518e-02
8.854907006025314331e-02
8.896797895431518555e-02
9.411808848381042480e-02
9.023883193731307983e-02
9.050512313842773438e-02
9.034933894872665405e-02
8.980972319841384888e-02
8.850476890802383423e-02
8.829298615455627441e-02
8.913456648588180542e-02
8.690347522497177124e-02
8.701465278863906860e-02
8.860566467046737671e-02
9.081865102052688599e-02
8.903255313634872437e-02
8.769883960485458374e-02
8.902838826179504395e-02
9.323218464851379395e-02
9.035562723875045776e-02
8.690688014030456543e-02
8.883785456418991089e-02
9.017369151115417480e-02
8.795506507158279419e-02
8.823411166667938232e-02
8.498124033212661743e-02
8.639957755804061890e-02
8.484721183776855469e-02
8.714244514703750610e-02
8.700371533632278442e-02
8.863817900419235229e-02
8.499478548765182495e-02
8.631942421197891235e-02
8.365787565708160400e-02
8.933340758085250854e-02
8.721907436847686768e-02
8.415870368480682373e-02
8.458657562732696533e-02
8.530505001544952393e-02
8.375662565231323242e-02
8.755090087652206421e-02
8.719917386770248413e-02
8.531879633665084839e-02
8.649466186761856079e-02
8.676167577505111694e-02
8.413510024547576904e-02
8.349486440420150757e-02
8.313150703907012939e-02
8.669454604387283325e-02
8.436030149459838867e-02
8.454994857311248779e-02
8.424241095781326294e-02
8.335416018962860107e-02
8.232872933149337769e-02
8.148912340402603149e-02
8.378672599792480469e-02
8.532026410102844238e-02
8.331871032714843750e-02
8.556979149580001831e-02
8.088789880275726318e-02
8.666972070932388306e-02
8.536958694458007812e-02
8.251970261335372925e-02
8.114197850227355957e-02
8.423271030187606812e-02
8.167695254087448120e-02
8.465570211410522461e-02
8.234395831823348999e-02
8.278312534093856812e-02
8.465807139873504639e-02
