2.740561962127685547e-01
1.331324428319931030e-01
1.245759651064872742e-01
1.190609484910964966e-01
1.152727231383323669e-01
1.151247620582580566e-01
1.130208224058151245e-01
1.062849164009094238e-01
1.033180654048919678e-01
1.032886207103729248e-01
1.016302779316902161e-01
1.019997224211692810e-01
1.032171547412872314e-01
1.040081232786178589e-01
1.023531332612037659e-01
1.028459742665290833e-01
1.040400415658950806e-01
1.029495075345039368e-01
9.879065304994583130e-02
9.936723858118057251e-02
9.617366641759872437e-02
9.994123131036758423e-02
9.725455939769744873e-02
9.473488479852676392e-02
9.591603279113769531e-02
9.854704886674880981e-02
9.386479109525680542e-02
9.855680167675018311e-02
9.477100521326065063e-02
9.486817568540573120e-02
9.661909192800521851e-02
1.000020503997802734e-01
9.299859404563903809e-02
9.471494704484939575e-02
9.599879384040832520e-02
9.238173812627792358e-02
9.490182995796203613e-02
9.550517797470092773e-02
9.195136278867721558e-02
9.296702593564987183e-02
9.174824506044387817e-02
9.566526114940643311e-02
9.416984766721725464e-02
8.973772078752517700e-02
9.114445000886917114e-02
9.224296361207962036e-02
9.158184379339218140e-02
9.333740174770355225e-02
9.376731514930725098e-02
9.220530837774276733e-02
9.071061015129089355e-02
9.388563036918640137e-02
8.927985280752182007e-02
9.080260246992111206e-02
8.877840638160705566e-02
9.054674953222274780e-02
9.434457123279571533e-02
9.154557436704635620e-02
8.824836462736129761e-02
8.906068652868270874e-02
8.910931646823883057e-02
8.801621198654174805e-02
9.061478823423385620e-02
8.915239572525024414e-02
9.094091504812240601e-02
8.877238631248474121e-02
9.021107852458953857e-02
9.350858628749847412e-02
9.188082069158554077e-02
9.048654884099960327e-02
9.010552614927291870e-02
8.807930350303649902e-02
9.089094400405883789e-02
9.262460470199584961e-02
8.769242465496063232e-02
8.655596524477005005e-02
8.833451569080352783e-02
8.648099005222320557e-02
8.823318779468536377e-02
8.759686350822448730e-02
8.841565996408462524e-02
8.832707256078720093e-02
8.705098927021026611e-02
8.612977713346481323e-02
8.709912002086639404e-02
8.426349610090255737e-02
9.065308421850204468e-02
8.808179944753646851e-02
8.934875577688217163e-02
8.910227566957473755e-02
8.812434971332550049e-02
8.788524568080902100e-02
8.740394562482833862e-02
8.939319849014282227e-02
8.703382313251495361e-02
9.152937680482864380e-02
9.161444753408432007e-02
8.488150686025619507e-02
8.944750577211380005e-02
9.194405376911163330e-02
